00000000
11111111
22222222
33333333
44444444
55555555
66666666
77777777
88888888
99999999
10000000
11000000
11100000
11110000
11111000
11111100
11111110
00000001
00000011
00000111
00001111
00011111
00111111
01111111
00000002
00000022
00000222
00002222
00022222
00222222
02222222
22222222
20000000
22000000
22200000
22220000
22222000
22222200
22222220
00000003
00000033
00000333
00003333
00033333
00333333
03333333
33333333
30000000
33000000
33300000
33330000
33333000
33333300
33333330
40000000
44000000
44400000
44440000
44444000
44444400
44444440

00000004
00000044
00000444
00004444
00044444
00444444
04444444
50000000
55000000
55500000
55550000
55555000
55555500
55555550
00000005
60000000
66000000
66600000
66660000
66666000
66666600
66666660
00000006
70000000
00000007
80000000
00000008
90000000
00000009
qwertyui
zxcvbnmq
asdfghjk
iuytrewq
poiuytre
mnbvcxzp
lkjhgfds
QWERTYUI
ZXCVBNMQ
ASDFGHJK
POIUYTRE
MNBVCXZP
LKJHGFDS
XXXXXXXX
12361224
23510204
34714283
00000001
00000002
00000003
00000004
00000005
00000006
00000007
00000008
00000009
00000010
Password
password
PASSWORD
13579113
24681012
34567890
45678901
56789012
67890123
78901234
89012345
90123456
01234567
12345678
23456789
01234567
02345678
03456789
04567890
05678901
06789012
07890123
08901234
09012345
00123456
00012345
00001234
00000123
00000012


